.Random.seed <-
c(403L, 10L, 1735343501L, 428170404L, -1183924598L, 16381173L, 
-1466873009L, 223229014L, -1268041984L, -2020289981L, -1485542943L, 
1114828112L, 67863470L, -26893991L, 2027798379L, -910758182L, 
1215389596L, 169558943L, -172201483L, 311069836L, -1472539294L, 
1598417213L, 659046839L, -835082658L, -294080616L, -18718981L, 
-303655271L, -573735128L, 2026976726L, -1126385071L, 1671753987L, 
-796906350L, 1924276772L, -1194287897L, -1405759171L, 1639646644L, 
236141082L, 287736165L, -2018570241L, 121824902L, 1322769936L, 
862626995L, -658202799L, -266218752L, -1160484386L, -1532480983L, 
-81239589L, 542838506L, 1276411020L, -973642801L, -1617241211L, 
-1360144324L, -258696942L, 1961545229L, 1116355911L, 828577582L, 
156658312L, 968989579L, -48891031L, 1973187896L, -766011418L, 
-311758975L, -1517484269L, -1579970366L, 502180724L, -1278339209L, 
1558130797L, -1506799868L, -48460246L, 1480221589L, 1892870191L, 
1255268662L, -158580384L, -1406050397L, -374445887L, -953689936L, 
2090018766L, -2040857799L, -992619701L, 951798010L, 1088098812L, 
-1510772161L, -190064875L, 727229484L, 52714754L, -621595171L, 
-1537506089L, 1962635198L, -1408464392L, -201773605L, -1771928519L, 
-777329272L, -1975946954L, -1034531983L, 1187916195L, 1424119026L, 
-808695740L, -342889721L, -96802083L, -1631063084L, -1187761414L, 
-562174395L, 747781791L, 1659356198L, 620048560L, 428026195L, 
1264006257L, 1339287968L, 1489446206L, 1500800073L, -439914245L, 
-490325814L, 69836332L, -1037442513L, 511466213L, 567476124L, 
-569943566L, -1806896019L, 218715559L, -752386098L, -1942938328L, 
-741933269L, -230759095L, -1198355880L, -1125956858L, 336785121L, 
862661235L, 1836618466L, 2004405844L, -188655785L, -1271321779L, 
-788832540L, 2001641162L, -1332486347L, -1524935281L, 1841091222L, 
615475776L, 838679299L, 1232554785L, -97080304L, -2028200978L, 
-180057191L, -632237013L, 1338495258L, 908256220L, 1115571679L, 
-1508822603L, 2093768524L, -950962782L, 811095293L, 1392753143L, 
42497822L, -1375073832L, 999809851L, 854820057L, -1683961752L, 
-1594253930L, -1548057327L, 1298589379L, -1347950894L, -1460412572L, 
-53255513L, 240536573L, -432947724L, -742319398L, -139224027L, 
-86961857L, -1149434170L, -1701508272L, 762311539L, -44341871L, 
-2007783488L, 1033687454L, 1907006313L, -546697317L, -1855916374L, 
76038348L, -2034810481L, 259954117L, -1408386692L, 936905170L, 
1212675405L, -2105284601L, 1229539310L, -1236439352L, 1614578123L, 
490992681L, -1944460680L, -1968189530L, 2070661569L, -240714157L, 
32838914L, 984978484L, -1151834697L, -1923249747L, 1287080644L, 
-2025533718L, 1560142165L, 1662850799L, 993240310L, 1837790240L, 
-286726685L, -1886398847L, -1307631376L, 686350222L, -273010439L, 
1458748043L, 1687886522L, -948873796L, -455131393L, 618803797L, 
1191970156L, -1367028286L, -1217319395L, -1073826153L, -2114551810L, 
-566105160L, 1814087579L, 1535634937L, 2084515144L, 2010015862L, 
-1247046223L, -1810981917L, 820029618L, -288373500L, 1631700551L, 
-55963363L, 2046304148L, -1589083334L, 1387898682L, -572406800L, 
-990308676L, -138201836L, -672001854L, -1115292576L, -1543628420L, 
2060642256L, -209303262L, -1456767320L, 1222781836L, 1001016508L, 
1883348786L, 1673343552L, 989062324L, -2109008824L, -1152869958L, 
-1859826160L, -484591380L, -620910252L, 1105774354L, 1261839776L, 
-335115572L, 1809303136L, -38817854L, 2132951848L, 1067687340L, 
336400700L, 793857906L, 275685680L, 424558372L, 1115952440L, 
-729089318L, -1434167408L, 508572412L, -30802028L, -1337329598L, 
-401625856L, 1911589948L, -910746288L, -729257822L, 1392871240L, 
-1192077556L, 1426225884L, -227736750L, -330669440L, 1588856916L, 
1505450984L, -1537992966L, 90990928L, -554998996L, -1685260428L, 
1067586450L, -636946848L, 2137546636L, -313752736L, -120379422L, 
-1184338008L, -2011267892L, 221130236L, -752776270L, 1865083376L, 
1612966340L, 1186459992L, 868377978L, 1943990704L, -1446031428L, 
-288460716L, 1416053698L, -1728322528L, -715387716L, 2057792080L, 
-1169289246L, 691877480L, 437258828L, 848249084L, -92704782L, 
-753763072L, 77272948L, 316268552L, -458254918L, -13935152L, 
347571180L, 22159252L, -1122276398L, -1714129056L, -2092460724L, 
650034464L, -1774087294L, 1957374696L, -990972692L, 23247420L, 
1441356658L, -2015991184L, -606468060L, 99694392L, -536347494L, 
1956393680L, -247340868L, 1396287124L, 893994626L, -367338304L, 
1737036092L, -114466672L, 355424802L, -1534667256L, 2087407884L, 
-733134180L, -476488174L, 729345408L, 1323626004L, 508356136L, 
1100813626L, -260044848L, -796376468L, 98199348L, 486511250L, 
2078275936L, -1432239796L, 324788192L, -1760096350L, 1878013864L, 
-2044445812L, -427895108L, 1369004914L, -929912592L, 2050742340L, 
825138520L, -715963334L, 1353229168L, 1226548284L, 279960340L, 
-729871934L, -1225871136L, 1991878524L, -1725960496L, 227952290L, 
1079272488L, -95287028L, 219194300L, -1716163278L, -1799675968L, 
1771459124L, -640300088L, -1012874054L, -1949896816L, -1228093972L, 
-2066169772L, 391515794L, -774358240L, -453935668L, -1496601632L, 
844419778L, 1506945576L, -1455661396L, 456356540L, 1644126706L, 
1062267184L, -1790174044L, 1453019832L, 1604791130L, 2145447312L, 
-866328196L, 2085936404L, -1316140734L, 60523264L, -1558619204L, 
-234648752L, -1195564766L, 2127433032L, 2055788556L, -776456100L, 
-5942062L, 547325952L, 921275220L, 75575784L, 247244794L, 1112237776L, 
53712172L, -437462796L, -773171310L, -1178858400L, -147092212L, 
-1598200096L, 1495575906L, 176620200L, -1210996148L, -315816068L, 
-854701262L, -2125623696L, 1431166276L, 1823321048L, -1841274758L, 
-1944791504L, -1405560132L, -1236273324L, 785545794L, -428811360L, 
876796092L, 888304080L, -908343966L, 1094640616L, 105023436L, 
1804895996L, 441823218L, -825230208L, -281941772L, 2137765000L, 
1589392698L, -719379632L, -1944048532L, 1364529300L, -1748997806L, 
1401290464L, -89210676L, -788080480L, 330439042L, -1607624472L, 
1515391212L, 1227556924L, -1314561934L, -1947744144L, -1969790428L, 
-86834632L, -1634330086L, -514096944L, -1772943812L, -1067334613L, 
-114795731L, 385746842L, -9120424L, 1058330817L, -311195789L, 
1850027156L, 208541986L, 129140791L, -1781294847L, -816542714L, 
1729612356L, -1008827531L, 1483491039L, -574741960L, -1732351466L, 
1847516707L, -524002843L, 226076674L, -592584080L, -174028775L, 
48824843L, 292505852L, 1813607722L, 1447906143L, 1057823465L, 
-1047428610L, 88198636L, -1463116483L, 184116487L, -990681872L, 
1865177230L, 619459259L, -1462596963L, -494064054L, -1402203032L, 
867470417L, -23668925L, -1230540220L, -29302542L, 714706119L, 
2119521937L, 1472456726L, 877023860L, 1764271365L, -1272833201L, 
-736840376L, 229779686L, 69893651L, 1613758837L, 1133352274L, 
-1224034912L, -585702263L, -1222245189L, -1515686132L, -1561141606L, 
1173054479L, -1814650791L, 1784286446L, 1852753788L, 994931693L, 
1113062551L, -1517549728L, 1459199806L, -771407861L, 1834862733L, 
587076026L, -1768898568L, -917767263L, -151849645L, 684485748L, 
1537228290L, 1161695383L, 1980228193L, -772670810L, 265282212L, 
1412015957L, -1686279169L, -1584596328L, 1221943222L, 1008145475L, 
-1030255227L, -626846174L, 355405072L, 814701753L, -500883093L, 
233066588L, 967237002L, 189868415L, 2102228169L, 1669613918L, 
2109893132L, -882324003L, -1579051801L, 1938370832L, 1942540334L, 
1027565275L, 1137090493L, 865155370L, 567750088L, -583748879L, 
-32793501L, -1942116252L, -1883610222L, -382637977L, -1094436815L, 
-1098299018L, -95177068L, 262421669L, 21602735L, -1049937304L, 
291996230L, -1496143885L, -1936828587L, 1804781874L, 888855808L, 
-13984279L, 506308699L, 1909422764L, 1993565370L, 1967400559L, 
667038713L, 28973710L, -744072356L, -471066675L, -24717513L, 
-73595456L, 2109221534L, 1066910571L, 1078041325L, -866250918L, 
1062126616L, 1771225473L, -577718477L, -1382683308L, -1974671518L, 
-1372570633L, 1805730881L, 1694757062L, 1784397316L, 635238837L, 
-717224289L, -1625110792L, -230380842L, 1021263715L, -325449947L, 
1244200130L, -276432464L, -1591389735L, -786047157L, 699241916L, 
